#TriPrisma3854: no,Vertices[0..5],Vol
3854 822 3306 810 823 3307 811 0
#Caras (5)
15018 15020 15021 5169 5184
1.18103 1.45923 -0.00293732 0
#Poligonos: NPoligonos,cada Poligono  



#Nodos
820 1.1784 1.42755 -0.00095286
821 1.1784 1.42755 -0.00095286
822 1.1784 1.42755 -0.00095286
823 1.1784 1.42755 -0.00095286

808 1.16529 1.47876 -8.91067e-005
809 1.16529 1.47876 -8.91067e-005
810 1.16529 1.47876 -8.91067e-005
811 1.16529 1.47876 -8.91067e-005

3304 1.1994 1.47138 -0.0385961
3305 1.1994 1.47138 -0.0262657
3306 1.1994 1.47138 -0.0139352
3307 1.1994 1.47138 -0.00160476


#TriPrisma3852: no,Vertices[0..5],Vol
3852 820 3304 808 821 3305 809 0
#Caras (5)
15015 15016 15017 5161 5176
1.18103 1.45923 -0.0111576 0

#Cara 15015
15015 3 1 0 0 0 0
820 3304 808 -1
3852 0
1.18103 1.45923 -0.0132127 0
0.75305 0.182197 0.632234 1

#Cara 15017
15017 4 1 0 0 0 0
820 821 809 808
3852 0
1.17184 1.45315 -0.000520983 0
-1.#IND -1.#IND -1.#IND 1


============================================================

#TriPrisma7310:
cara 36098


