6 24 29 0 2
0.018477590650225736 0.125 0 0.047835429045636223 -0.14999999999999999 -3.3527612717382249e-009
24
0 0.02 0 -0.14999999999999999
1 0.02 0 -3.3527612717382249e-009
2 0.018477590650225736 0.0076536686473017961 -0.14999999999999999
3 0.018477590650225736 0.0076536686473017961 -3.3527612717382249e-009
4 0.055 0 -0.14999999999999999
5 0.055 0 -3.3527612717382249e-009
6 0.050813374288120772 0.021047588780079937 -0.14999999999999999
7 0.050813374288120772 0.021047588780079937 -3.3527612717382249e-009
8 0.089999999999999997 0 -0.14999999999999999
9 0.089999999999999997 0 -3.3527612717382249e-009
10 0.083149157926015807 0.034441508912858076 -0.14999999999999999
11 0.083149157926015807 0.034441508912858076 -3.3527612717382249e-009
12 0.125 0 -0.14999999999999999
13 0.125 0 -3.3527612717382249e-009
14 0.11548494156391084 0.047835429045636223 -0.14999999999999999
15 0.11548494156391084 0.047835429045636223 -3.3527612717382249e-009
16 0.02 0 -0.29999999999999999
17 0.018477590650225736 0.0076536686473017961 -0.29999999999999999
18 0.055 0 -0.29999999999999999
19 0.050813374288120772 0.021047588780079937 -0.29999999999999999
20 0.089999999999999997 0 -0.29999999999999999
21 0.083149157926015807 0.034441508912858076 -0.29999999999999999
22 0.125 0 -0.29999999999999999
23 0.11548494156391084 0.047835429045636223 -0.29999999999999999
6
#Hexahedro0: Vertices
0 0 2 1 3 4 6 5 7
#                 : Caras
0 1 2 3 4 5
0.036072741234586626 0.0071753143568454338 -0.075000001676380643 0.083532796240483279
#Poligonos: NPoligonos,cada Poligono  
6
#Poligono 0
0.0011705419059331189 0.03432748481411306
-0.98078528040323043 -0.19509032201612814 0 0
0.01923879532511287 0.0038268343236509011 -0.075000001676380643 0.077522746068230564
4
0.020000000000000004 1.4574491119338728e-018 -3.3527612457173728e-009 0.020000000000000285
0.01847759065022574 0.0076536686473017927 -3.3527612717382249e-009 0.020000000000000285
0.01847759065022574 0.0076536686473017927 -0.15000000000000008 0.15132745950421564
0.020000000000000004 1.3115983727203222e-018 -0.15000000000000011 0.15132745950421567
#Poligono 1
0.0052499998826533488 0.014350628713690868
0 -1 0 0
0.036072741234586626 0 -0.075000001676380643 0.083224052482647984
4
0.054999999999999993 0 -3.3527612717382249e-009 0.05500000000000009
0.020000000000000021 0 -3.3527612717382249e-009 0.020000000000000302
0.020000000000000021 0 -0.14999999999999991 0.15132745950421547
0.054999999999999993 0 -0.14999999999999994 0.15976545308670451
#Poligono 2
0.00050227200497917994 0.14999999664723873
0 0 -1 0
0.036072741234586626 0.0071753143568454338 -0.14999999999999999 0.15444328342889177
4
0.055 7.6089012217018054e-018 -0.14999999999999999 0.15976545308670456
0.020000000000000014 7.1767782159192926e-018 -0.14999999999999999 0.15132745950421556
0.01847759065022575 0.0076536686473017961 -0.14999999999999999 0.15132745950421556
0.050813374288120772 0.021047588780079941 -0.14999999999999999 0.15976545308670456
#Poligono 3
0.0032189902413160749 0.034327484814113067
0.98078528040323043 0.19509032201612822 0 0
0.052906687144060383 0.010523794390039969 -0.075000001676380643 0.092384349564092402
4
0.050813374288120772 0.021047588780079937 -3.3527612717382249e-009 0.055000000000000104
0.055 -3.7691636867703721e-018 -3.3527612717382249e-009 0.055000000000000104
0.055 -3.7942263436280705e-018 -0.14999999999999991 0.15976545308670451
0.050813374288120772 0.021047588780079937 -0.14999999999999991 0.15976545308670451
#Poligono 4
0.0052499998826533566 0.014350628713690866
-0.38268343236508989 0.92387953251128663 0 0
0.033326867308210509 0.013804440430469316 -0.075000001676380643 0.083224052482647984
4
0.018477590650225747 0.0076536686473017987 -3.3527612457173728e-009 0.020000000000000292
0.050813374288120765 0.021047588780079944 -3.3527612717382249e-009 0.055000000000000097
0.050813374288120772 0.021047588780079944 -0.15000000000000005 0.15976545308670462
0.018477590650225747 0.0076536686473017987 -0.15000000000000011 0.15132745950421567
#Poligono 5
0.00050227200497917973 0.14999999664723873
0 0 1 0
0.036072741234586626 0.0071753143568454338 -3.3527612717382249e-009 0.036779448015121292
4
0.020000000000000014 9.4044411961538192e-018 -3.3527612717382249e-009 0.020000000000000295
0.054999999999999993 8.9723181903713065e-018 -3.3527612717382249e-009 0.05500000000000009
0.050813374288120772 0.021047588780079937 -3.3527612717382249e-009 0.055000000000000104
0.018477590650225754 0.007653668647301797 -3.3527612717382249e-009 0.020000000000000299
6
0 1 3 1 4 5 
6
2 2 1 1 2 2 
6
1 1 1 1 1 1 
#Hexahedro1: Vertices
1 4 6 5 7 8 10 9 11
#                 : Caras
3 6 7 8 9 10
0.069740633053534146 0.013872274423234503 -0.075000001676380643 0.10334987251002453
#Poligonos: NPoligonos,cada Poligono  
6
#Poligono 0
0.0032189902413160779 0.034327484814113067
-0.98078528040323043 -0.19509032201612822 0 0
0.052906687144060383 0.010523794390039969 -0.075000001676380643 0.092384349564092402
4
0.055 -9.7180144063444012e-018 -3.3527612457173728e-009 0.055000000000000104
0.050813374288120772 0.021047588780079927 -3.3527612717382249e-009 0.055000000000000097
0.050813374288120772 0.021047588780079927 -0.15000000000000008 0.15976545308670465
0.055 -9.6708418769139626e-018 -0.15000000000000011 0.15976545308670467
#Poligono 1
0.0052499998826533558 0.027744548846469007
0 -1 0 0
0.069740633053534146 0 -0.075000001676380643 0.10241462859457529
4
0.089999999999999997 0 -3.3527612717382249e-009 0.090000000000000052
0.054999999999999979 0 -3.3527612717382249e-009 0.055000000000000084
0.054999999999999979 0 -0.14999999999999991 0.15976545308670448
0.089999999999999997 0 -0.14999999999999994 0.17492855684535896
#Poligono 2
0.00097105920962641489 0.14999999664723873
0 0 -1 0
0.069740633053534146 0.013872274423234503 -0.14999999999999999 0.16600059004829237
4
0.089999999999999997 -1.4101681935018768e-018 -0.14999999999999999 0.17492855684535902
0.054999999999999993 -2.4844256637028858e-018 -0.14999999999999999 0.15976545308670456
0.050813374288120765 0.021047588780079927 -0.14999999999999999 0.15976545308670456
0.083149157926015793 0.03444150891285807 -0.14999999999999999 0.17492855684535899
#Poligono 3
0.005267438576699029 0.03432748481411306
0.98078528040323043 0.19509032201612836 0 0
0.086574578963007909 0.017220754456429038 -0.075000001676380643 0.11583053292689199
4
0.083149157926015807 0.034441508912858076 -3.3527612717382249e-009 0.090000000000000066
0.089999999999999983 9.1766897763331214e-018 -3.3527612717382249e-009 0.090000000000000052
0.089999999999999997 9.3421537249841608e-018 -0.14999999999999991 0.17492855684535893
0.083149157926015807 0.034441508912858076 -0.14999999999999994 0.17492855684535896
#Poligono 4
0.0052499998826533584 0.027744548846469014
-0.38268343236508989 0.92387953251128663 -2.0841613315061246e-018 0
0.064431943462540317 0.02668858483224068 -0.075000001676380643 0.10241462859457529
4
0.050813374288120772 0.021047588780079937 -3.3527612457173728e-009 0.055000000000000104
0.083149157926015807 0.034441508912858083 -3.3527612717382249e-009 0.090000000000000066
0.083149157926015807 0.034441508912858083 -0.15000000000000005 0.17492855684535907
0.050813374288120772 0.021047588780079937 -0.15000000000000011 0.15976545308670467
#Poligono 5
0.00097105920962641456 0.14999999664723873
0 0 1 0
0.069740633053534146 0.013872274423234503 -3.3527612717382249e-009 0.07110693282923429
4
0.054999999999999993 3.0126563538827048e-018 -3.3527612717382249e-009 0.05500000000000009
0.089999999999999983 1.9383988836816958e-018 -3.3527612717382249e-009 0.090000000000000052
0.083149157926015793 0.034441508912858076 -3.3527612717382249e-009 0.090000000000000052
0.050813374288120772 0.021047588780079927 -3.3527612717382249e-009 0.055000000000000097
6
0 6 4 2 9 10 
6
1 2 1 1 2 2 
6
1 1 1 1 1 1 
#Hexahedro2: Vertices
2 8 10 9 11 12 14 13 15
#                 : Caras
8 11 12 13 14 15
0.10340852487248166 0.020569234489623577 -0.075000001676380643 0.12938862652972585
#Poligonos: NPoligonos,cada Poligono  
6
#Poligono 0
0.0052674385766990376 0.03432748481411306
-0.98078528040323043 -0.19509032201612836 0 0
0.086574578963007909 0.017220754456429038 -0.075000001676380643 0.11583053292689199
4
0.089999999999999997 1.0648133874053319e-018 -3.3527612457173728e-009 0.090000000000000052
0.083149157926015793 0.034441508912858076 -3.3527612717382249e-009 0.090000000000000052
0.083149157926015793 0.034441508912858076 -0.15000000000000005 0.17492855684535905
0.089999999999999997 9.7884264585857562e-019 -0.15000000000000011 0.1749285568453591
#Poligono 1
0.0052499998826533601 0.041138468979247153
0 -1 0 0
0.10340852487248166 0 -0.075000001676380643 0.12774319264743525
4
0.12500000000000003 0 -3.3527612717382249e-009 0.12500000000000006
0.089999999999999983 0 -3.3527612717382249e-009 0.090000000000000052
0.089999999999999983 0 -0.14999999999999991 0.17492855684535893
0.12500000000000003 0 -0.14999999999999994 0.19525624189766633
#Poligono 2
0.0014398464142736515 0.14999999664723873
0 0 -1 0
0.10340852487248166 0.020569234489623577 -0.14999999999999999 0.18334780179699939
4
0.12500000000000003 3.4933493524871147e-018 -0.14999999999999999 0.19525624189766638
0.089999999999999997 5.2615178585353e-018 -0.14999999999999999 0.17492855684535902
0.083149157926015807 0.034441508912858076 -0.14999999999999999 0.17492855684535902
0.11548494156391086 0.047835429045636244 -0.14999999999999999 0.19525624189766638
#Poligono 3
0.0073158869120819878 0.03432748481411306
0.98078528040323043 0.19509032201612836 1.6844844933736695e-018 0
0.12024247078195541 0.023917714522818115 -0.075000001676380643 0.14371955016350949
4
0.11548494156391084 0.047835429045636223 -3.3527612717382249e-009 0.12500000000000006
0.125 9.7935574924922921e-018 -3.3527612717382249e-009 0.12500000000000006
0.125 9.7568863569737606e-018 -0.14999999999999991 0.1952562418976663
0.11548494156391084 0.047835429045636223 -0.14999999999999994 0.1952562418976663
#Poligono 4
0.005249999882653367 0.041138468979247153
-0.38268343236508995 0.92387953251128663 -1.4055971770622701e-018 0
0.095537019616870111 0.03957272923401204 -0.075000001676380643 0.12774319264743525
4
0.083149157926015793 0.03444150891285807 -3.3527612457173728e-009 0.090000000000000052
0.11548494156391088 0.047835429045636237 -3.3527612717382249e-009 0.12500000000000008
0.11548494156391087 0.047835429045636237 -0.15000000000000005 0.19525624189766641
0.083149157926015793 0.03444150891285807 -0.15000000000000011 0.1749285568453591
#Poligono 5
0.0014398464142736525 0.14999999664723873
0 0 1 0
0.10340852487248166 0.020569234489623577 -3.3527612717382249e-009 0.10543441764334732
4
0.089999999999999983 -3.7190788434587316e-018 -3.3527612717382249e-009 0.090000000000000052
0.12500000000000003 -1.9509103374105459e-018 -3.3527612717382249e-009 0.12500000000000006
0.11548494156391087 0.047835429045636244 -3.3527612717382249e-009 0.12500000000000008
0.083149157926015793 0.034441508912858076 -3.3527612717382249e-009 0.090000000000000052
6
1 11 5 13 14 15 
6
1 2 1 2 2 2 
6
1 1 1 1 1 1 
#Hexahedro3: Vertices
3 16 17 0 2 18 19 4 6
#                 : Caras
16 17 18 19 20 2
0.036072741234586626 0.0071753143568454338 -0.22500000167638062 0.083532796240483279
#Poligonos: NPoligonos,cada Poligono  
6
#Poligono 0
0.0011705419059331189 0.03432748481411306
-0.98078528040323043 -0.19509032201612814 0 0
0.01923879532511287 0.0038268343236509011 -0.22500000167638062 0.077522746068230564
4
0.020000000000000004 1.4574491119338728e-018 -0.15000000335276123 0.020000000000000285
0.01847759065022574 0.0076536686473017927 -0.15000000335276126 0.020000000000000285
0.01847759065022574 0.0076536686473017927 -0.30000000000000004 0.15132745950421564
0.020000000000000004 1.3115983727203222e-018 -0.3000000000000001 0.15132745950421567
#Poligono 1
0.0052499998826533488 0.014350628713690868
0 -1 0 0
0.036072741234586626 0 -0.22500000167638062 0.083224052482647984
4
0.054999999999999993 0 -0.15000000335276126 0.05500000000000009
0.020000000000000021 0 -0.15000000335276126 0.020000000000000302
0.020000000000000021 0 -0.29999999999999993 0.15132745950421547
0.054999999999999993 0 -0.29999999999999993 0.15976545308670451
#Poligono 2
0.00050227200497917994 0.14999999664723873
0 0 -1 0
0.036072741234586626 0.0071753143568454338 -0.29999999999999999 0.15444328342889177
4
0.055 7.6089012217018054e-018 -0.29999999999999999 0.15976545308670456
0.020000000000000014 7.1767782159192926e-018 -0.29999999999999999 0.15132745950421556
0.01847759065022575 0.0076536686473017961 -0.29999999999999999 0.15132745950421556
0.050813374288120772 0.021047588780079941 -0.29999999999999999 0.15976545308670456
#Poligono 3
0.0032189902413160749 0.034327484814113067
0.98078528040323043 0.19509032201612822 0 0
0.052906687144060383 0.010523794390039969 -0.22500000167638062 0.092384349564092402
4
0.050813374288120772 0.021047588780079937 -0.15000000335276126 0.055000000000000104
0.055 -3.7691636867703721e-018 -0.15000000335276126 0.055000000000000104
0.055 -3.7942263436280705e-018 -0.29999999999999993 0.15976545308670451
0.050813374288120772 0.021047588780079937 -0.29999999999999993 0.15976545308670451
#Poligono 4
0.0052499998826533566 0.014350628713690866
-0.38268343236508989 0.92387953251128663 0 0
0.033326867308210509 0.013804440430469316 -0.22500000167638062 0.083224052482647984
4
0.018477590650225747 0.0076536686473017987 -0.15000000335276123 0.020000000000000292
0.050813374288120765 0.021047588780079944 -0.15000000335276126 0.055000000000000097
0.050813374288120772 0.021047588780079944 -0.30000000000000004 0.15976545308670462
0.018477590650225747 0.0076536686473017987 -0.3000000000000001 0.15132745950421567
#Poligono 5
0.00050227200497917973 0.14999999664723873
0 0 1 0
0.036072741234586626 0.0071753143568454338 -0.15000000335276126 0.036779448015121292
4
0.020000000000000014 9.4044411961538192e-018 -0.15000000335276126 0.020000000000000295
0.054999999999999993 8.9723181903713065e-018 -0.15000000335276126 0.05500000000000009
0.050813374288120772 0.021047588780079937 -0.15000000335276126 0.055000000000000104
0.018477590650225754 0.007653668647301797 -0.15000000335276126 0.020000000000000299
6
16 17 18 4 20 0 
6
2 2 2 1 2 1 
6
1 1 1 1 1 1 
#Hexahedro4: Vertices
4 18 19 4 6 20 21 8 10
#                 : Caras
19 21 22 23 24 7
0.069740633053534146 0.013872274423234503 -0.22500000167638062 0.10334987251002453
#Poligonos: NPoligonos,cada Poligono  
6
#Poligono 0
0.0032189902413160779 0.034327484814113067
-0.98078528040323043 -0.19509032201612822 0 0
0.052906687144060383 0.010523794390039969 -0.22500000167638062 0.092384349564092402
4
0.055 -9.7180144063444012e-018 -0.15000000335276123 0.055000000000000104
0.050813374288120772 0.021047588780079927 -0.15000000335276126 0.055000000000000097
0.050813374288120772 0.021047588780079927 -0.30000000000000004 0.15976545308670465
0.055 -9.6708418769139626e-018 -0.3000000000000001 0.15976545308670467
#Poligono 1
0.0052499998826533558 0.027744548846469007
0 -1 0 0
0.069740633053534146 0 -0.22500000167638062 0.10241462859457529
4
0.089999999999999997 0 -0.15000000335276126 0.090000000000000052
0.054999999999999979 0 -0.15000000335276126 0.055000000000000084
0.054999999999999979 0 -0.29999999999999993 0.15976545308670448
0.089999999999999997 0 -0.29999999999999993 0.17492855684535896
#Poligono 2
0.00097105920962641489 0.14999999664723873
0 0 -1 0
0.069740633053534146 0.013872274423234503 -0.29999999999999999 0.16600059004829237
4
0.089999999999999997 -1.4101681935018768e-018 -0.29999999999999999 0.17492855684535902
0.054999999999999993 -2.4844256637028858e-018 -0.29999999999999999 0.15976545308670456
0.050813374288120765 0.021047588780079927 -0.29999999999999999 0.15976545308670456
0.083149157926015793 0.03444150891285807 -0.29999999999999999 0.17492855684535899
#Poligono 3
0.005267438576699029 0.03432748481411306
0.98078528040323043 0.19509032201612836 0 0
0.086574578963007909 0.017220754456429038 -0.22500000167638062 0.11583053292689199
4
0.083149157926015807 0.034441508912858076 -0.15000000335276126 0.090000000000000066
0.089999999999999983 9.1766897763331214e-018 -0.15000000335276126 0.090000000000000052
0.089999999999999997 9.3421537249841608e-018 -0.29999999999999993 0.17492855684535893
0.083149157926015807 0.034441508912858076 -0.29999999999999993 0.17492855684535896
#Poligono 4
0.0052499998826533584 0.027744548846469014
-0.38268343236508989 0.92387953251128663 -2.0841613315061246e-018 0
0.064431943462540317 0.02668858483224068 -0.22500000167638062 0.10241462859457529
4
0.050813374288120772 0.021047588780079937 -0.15000000335276123 0.055000000000000104
0.083149157926015807 0.034441508912858083 -0.15000000335276126 0.090000000000000066
0.083149157926015807 0.034441508912858083 -0.30000000000000004 0.17492855684535907
0.050813374288120772 0.021047588780079937 -0.3000000000000001 0.15976545308670467
#Poligono 5
0.00097105920962641456 0.14999999664723873
0 0 1 0
0.069740633053534146 0.013872274423234503 -0.15000000335276126 0.07110693282923429
4
0.054999999999999993 3.0126563538827048e-018 -0.15000000335276126 0.05500000000000009
0.089999999999999983 1.9383988836816958e-018 -0.15000000335276126 0.090000000000000052
0.083149157926015793 0.034441508912858076 -0.15000000335276126 0.090000000000000052
0.050813374288120772 0.021047588780079927 -0.15000000335276126 0.055000000000000097
6
3 21 22 5 24 1 
6
1 2 2 1 2 1 
6
1 1 1 1 1 1 
#Hexahedro5: Vertices
5 20 21 8 10 22 23 12 14
#                 : Caras
23 25 26 27 28 12
0.10340852487248166 0.020569234489623577 -0.22500000167638062 0.12938862652972585
#Poligonos: NPoligonos,cada Poligono  
6
#Poligono 0
0.0052674385766990376 0.03432748481411306
-0.98078528040323043 -0.19509032201612836 0 0
0.086574578963007909 0.017220754456429038 -0.22500000167638062 0.11583053292689199
4
0.089999999999999997 1.0648133874053319e-018 -0.15000000335276123 0.090000000000000052
0.083149157926015793 0.034441508912858076 -0.15000000335276126 0.090000000000000052
0.083149157926015793 0.034441508912858076 -0.30000000000000004 0.17492855684535905
0.089999999999999997 9.7884264585857562e-019 -0.3000000000000001 0.1749285568453591
#Poligono 1
0.0052499998826533601 0.041138468979247153
0 -1 0 0
0.10340852487248166 0 -0.22500000167638062 0.12774319264743525
4
0.12500000000000003 0 -0.15000000335276126 0.12500000000000006
0.089999999999999983 0 -0.15000000335276126 0.090000000000000052
0.089999999999999983 0 -0.29999999999999993 0.17492855684535893
0.12500000000000003 0 -0.29999999999999993 0.19525624189766633
#Poligono 2
0.0014398464142736515 0.14999999664723873
0 0 -1 0
0.10340852487248166 0.020569234489623577 -0.29999999999999999 0.18334780179699939
4
0.12500000000000003 3.4933493524871147e-018 -0.29999999999999999 0.19525624189766638
0.089999999999999997 5.2615178585353e-018 -0.29999999999999999 0.17492855684535902
0.083149157926015807 0.034441508912858076 -0.29999999999999999 0.17492855684535902
0.11548494156391086 0.047835429045636244 -0.29999999999999999 0.19525624189766638
#Poligono 3
0.0073158869120819878 0.03432748481411306
0.98078528040323043 0.19509032201612836 1.6844844933736695e-018 0
0.12024247078195541 0.023917714522818115 -0.22500000167638062 0.14371955016350949
4
0.11548494156391084 0.047835429045636223 -0.15000000335276126 0.12500000000000006
0.125 9.7935574924922921e-018 -0.15000000335276126 0.12500000000000006
0.125 9.7568863569737606e-018 -0.29999999999999993 0.1952562418976663
0.11548494156391084 0.047835429045636223 -0.29999999999999993 0.1952562418976663
#Poligono 4
0.005249999882653367 0.041138468979247153
-0.38268343236508995 0.92387953251128663 -1.4055971770622701e-018 0
0.095537019616870111 0.03957272923401204 -0.22500000167638062 0.12774319264743525
4
0.083149157926015793 0.03444150891285807 -0.15000000335276123 0.090000000000000052
0.11548494156391088 0.047835429045636237 -0.15000000335276126 0.12500000000000008
0.11548494156391087 0.047835429045636237 -0.30000000000000004 0.19525624189766641
0.083149157926015793 0.03444150891285807 -0.3000000000000001 0.1749285568453591
#Poligono 5
0.0014398464142736525 0.14999999664723873
0 0 1 0
0.10340852487248166 0.020569234489623577 -0.15000000335276126 0.10543441764334732
4
0.089999999999999983 -3.7190788434587316e-018 -0.15000000335276126 0.090000000000000052
0.12500000000000003 -1.9509103374105459e-018 -0.15000000335276126 0.12500000000000006
0.11548494156391087 0.047835429045636244 -0.15000000335276126 0.12500000000000008
0.083149157926015793 0.034441508912858076 -0.15000000335276126 0.090000000000000052
6
4 25 26 27 28 2 
6
1 2 2 2 2 1 
6
1 1 1 1 1 1 
29
#Cara 6
6 4 1 0 65 1 0.0011705419059331187
0 0 -1 0 0
0 1 3 2
0 0
0 0 0 0
0 0 0 0
0 0
0 0 0 0
0 0 0 0
0
#Cara 0
0 4 1 0 0 0 0
0 0 0 0 0
0 4 5 1
0 0
0 0 0 0
0 0 0 0
0 0
0 0 0 0
0 0 0 0
0
#Cara 0
0 4 1 0 0 0 0
0 0 0 0 0
0 2 6 4
0 0
0 0 0 0
0 0 0 0
0 0
0 0 0 0
0 0 0 0
0
#Cara 0
0 4 2 0 0 0 0
0 0 0 0 0
4 6 7 5
0 1
0 0 0 0
0 0 0 0
0 0
0 0 0 0
0 0 0 0
0
#Cara 0
0 4 1 0 0 0 0
0 0 0 0 0
2 3 7 6
0 0
0 0 0 0
0 0 0 0
0 0
0 0 0 0
0 0 0 0
0
#Cara 0
0 4 1 0 0 0 0
0 0 0 0 0
1 5 7 3
0 0
0 0 0 0
0 0 0 0
0 0
0 0 0 0
0 0 0 0
0
#Cara 0
0 4 1 0 0 0 0
0 0 0 0 0
4 8 9 5
1 0
0 0 0 0
0 0 0 0
0 0
0 0 0 0
0 0 0 0
1
0 0 0 0
#Cara 0
0 4 1 0 0 0 0
0 0 0 0 0
4 6 10 8
1 0
0 0 0 0
0 0 0 0
0 0
0 0 0 0
0 0 0 0
1
0 0 0 0
#Cara 0
0 4 2 0 0 0 0
0 0 0 0 0
8 10 11 9
1 2
0 0 0 0
0 0 0 0
0 0
0 0 0 0
0 0 0 0
1
0 0 0 0
#Cara 0
0 4 1 0 0 0 0
0 0 0 0 0
6 7 11 10
1 0
0 0 0 0
0 0 0 0
0 0
0 0 0 0
0 0 0 0
1
0 0 0 0
#Cara 0
0 4 1 0 0 0 0
0 0 0 0 0
5 9 11 7
1 0
0 0 0 0
0 0 0 0
0 0
0 0 0 0
0 0 0 0
1
0 0 0 0
#Cara 0
0 4 1 0 0 0 0
0 0 0 0 0
8 12 13 9
2 0
0 0 0 0
0 0 0 0
0 0
0 0 0 0
0 0 0 0
2
0 0 0 0
0 0 0 0
#Cara 0
0 4 1 0 0 0 0
0 0 0 0 0
8 10 14 12
2 0
0 0 0 0
0 0 0 0
0 0
0 0 0 0
0 0 0 0
2
0 0 0 0
0 0 0 0
#Cara 0
0 4 1 0 0 0 0
0 0 0 0 0
12 14 15 13
2 0
0 0 0 0
0 0 0 0
0 0
0 0 0 0
0 0 0 0
2
0 0 0 0
0 0 0 0
#Cara 0
0 4 1 0 0 0 0
0 0 0 0 0
10 11 15 14
2 0
0 0 0 0
0 0 0 0
0 0
0 0 0 0
0 0 0 0
2
0 0 0 0
0 0 0 0
#Cara 0
0 4 1 0 0 0 0
0 0 0 0 0
9 13 15 11
2 0
0 0 0 0
0 0 0 0
0 0
0 0 0 0
0 0 0 0
2
0 0 0 0
0 0 0 0
#Cara 0
0 0 0 0 0 0 0
0 0 0 0 0
0 0 0 0
0 0
0 0 0 0
0 0 0 0
0 0
0 0 0 0
0 0 0 0
0
#Cara 0
0 0 0 0 0 0 0
0 0 0 0 0
0 0 0 0
0 0
0 0 0 0
0 0 0 0
0 0
0 0 0 0
0 0 0 0
0
#Cara 0
0 0 0 0 0 0 0
0 0 0 0 0
0 0 0 0
0 0
0 0 0 0
0 0 0 0
0 0
0 0 0 0
0 0 0 0
0
#Cara 0
0 0 0 0 0 0 0
0 0 0 0 0
0 0 0 0
0 0
0 0 0 0
0 0 0 0
0 0
0 0 0 0
0 0 0 0
0
#Cara 0
0 0 0 0 0 0 0
0 0 0 0 0
0 0 0 0
0 0
0 0 0 0
0 0 0 0
0 0
0 0 0 0
0 0 0 0
0
#Cara 0
0 0 0 0 0 0 0
0 0 0 0 0
0 0 0 0
0 0
0 0 0 0
0 0 0 0
0 0
0 0 0 0
0 0 0 0
0
#Cara 0
0 0 0 0 0 0 0
0 0 0 0 0
0 0 0 0
0 0
0 0 0 0
0 0 0 0
0 0
0 0 0 0
0 0 0 0
0
#Cara 0
0 0 0 0 0 0 0
0 0 0 0 0
0 0 0 0
0 0
0 0 0 0
0 0 0 0
0 0
0 0 0 0
0 0 0 0
0
#Cara 0
0 0 0 0 0 0 0
0 0 0 0 0
0 0 0 0
0 0
0 0 0 0
0 0 0 0
0 0
0 0 0 0
0 0 0 0
0
#Cara 0
0 0 0 0 0 0 0
0 0 0 0 0
0 0 0 0
0 0
0 0 0 0
0 0 0 0
0 0
0 0 0 0
0 0 0 0
0
#Cara 0
0 0 0 0 0 0 0
0 0 0 0 0
0 0 0 0
0 0
0 0 0 0
0 0 0 0
0 0
0 0 0 0
0 0 0 0
0
#Cara 0
0 0 0 0 0 0 0
0 0 0 0 0
0 0 0 0
0 0
0 0 0 0
0 0 0 0
0 0
0 0 0 0
0 0 0 0
0
#Cara 0
0 0 0 0 0 0 0
0 0 0 0 0
0 0 0 0
0 0
0 0 0 0
0 0 0 0
0 0
0 0 0 0
0 0 0 0
0
1
8
0 0.5 1 0 0.5 1 0 0.5 
4
0 0 0 0 
5
0 0 0 0 0 
6
0 0 0 0 0 0 
10
0 0 0 0 0 0 0 0 0 0 
25
0 0 0 0 0 0 0 0 0 0 0 0 0 0 0 0 0 0 0 0 0 0 0 0 0 
18
-0 -0 -0 -0.5 -0.5 -0.5 -1 -1 -1 -0 -0 -0 -0.5 -0.5 -0.5 -1 -1 -1 
4
0 0 0 0 
4
0 0 0 0 
